34141 119299 126600 128716 187372 218742
465536 465553 615429
393828
167614 223686
480528 480530 480532 485144 485146 598793
516790 567615 670034
50442 50516 50647 50672 50680 662538
493095 499382 560691 589867 591343 611615 619231
590298 609038
453268 453277 510450 516828 520780 542684 634756
347433 378114 381544 475645 539551 563138
308934 348136 386033 386351 418730 518745
11612 26972 31185 38093 139020 166218 371547
382611 558996 573052 606643 655442
271434 275179 306807 408909 563251 651693
405605 405608 502136 502144 528526 658896
70373 70699 70700 70796 70834 70875
484372 514803 530258 588795 591896 648321
447907 447908 447909 447926 447927 447934 491792
230910
455650 455680 611151 617428 647462 649429
34883 35129 35505 35912 35978 37234 576255
465106
475400 475401 475402 475408 536984 624190
16312 31041 54962 95968 166600 226917 623020
281133 285830 318773 325240 582965 603656
5733 7584 7592 251952 380318 380826 382640
274522 329993 338022 602067 613163
120107 637623 646625 647357 663474
281094 296419 297083 297086 297089 297474 339991
419712 427573 477626 487154 497275 508499 581770
128939 128940 128941 178761 606474 614364
46754 87192 90493 99508 166349
2769 21286 21628 54095 54228 139949 160710
153346 155656 155676 155680 157186 199743 199771
29844 552519 623459
94278 127998 177447 219747 230590 242919
337520 340787 349901 416406 463538 577122
17169 17180 179608 239259 239263
3874 39875 48632 56681 97655 328001
455014 455651 456448 529641 599686 630662
92074
269348 269375 269767 269834 269855 281800 311420
47823 47825 47826 47899 47900 47901 47946
122120 184230 184267 224701
505894 603305
154505 154506 169459 169460 169461 624948
527344 538654 567726 585581 592939 598207 661688
534630 556810 558543 560193 624415 667003
337758 337759 425890
224721 224729 224730 234886 240068 240076
21247 21303 28054 88020 88039 187383
509363 657716 664062 666570 666717 666719
281065 281066 282394 327852 363234
381419 381817 381818 389001 514790 565258 649220
6180 15800 15829 252581 252613 252706
879 8794 70715 153986 158215
40055 46549 93801 145884 177231 177232 230739
143827 143862 209975
26545 176040 187741 220141
62855 140048 152830 219645 220967
511971 556416 571575 572817 582360 613941 613985
147532 160661 199229 232336 239334
13064 13593 14799 14913 25109 25172
320550 403580 457798 518247 635323
479762 510942 612681
5383 6602 131693 131701 131750 145465
2511 2512 2513 49653 49654 49655 66164
376396 376401
28453 78281 200343 245011 245033
149413 149417 149418 149419 607676 645970
330171 330176 330196 365529 365530 365602 524129
289453 301000
515897 566851 589984 650045 666036 666611
338864 345796 363311 424787 474841 489556 648291
317677 336985 486999 537759 566084 664726
424839 592406 626815
257625 296703 296994 349066 657057
119294 128967 185498 221301 235316 642095
284760 498443 506072 506074 596862 657057
104676 216869 216883 216908 216932 233888 458127
269103 300998 308111 389899 457714 578192 658332
370986 373828 542385 542393 565243
130171 130172 130173 130174 130175 130176 130177
271922 281698 296707 296757 368468 625325
502284 574149 590918 609380 609383 664289
361425 361426 548981 602782 633294
382338 397323 586059
3007 51176 122995 135168 135311 145859 195587
24686 26554 67377 76448 77020 132207 143260
359447 462237 482701 483348 486175 486215
71102 191784 193434 203122
329346 330558 341802 389672 399239 423125 549631
31594 44389 129565 129597 132928 155058
4880 4881 61527 63548 63549 63550
39836 39837 106095 559830
434184 434275 587992
31302 31335 38022 70973 83718 214142 655523
304273 328043 334296 336778 446022
454040 519368 541155 593282 648295
322174 346457 347478 348301 389671 415232 423653
310656 359315 381649 381650 468141
207104 207227 226617 614358 667701
414501 573306 585162 597178 637717
29767 66576 210009 210531 210550 233248
350650 410738 422462 422463 422464
382338 397323 586059
363919 401858 428209 444449 458685 474239 574008
56304 56358 56393 106325 179213 202802 363992
1734 91770 190688 463590
526903 530409 586858 592355 651637 659532
18429 57125 57136 57145 80735 203119
346000 367083 468584 509997 540800 617138 617140
370900 370986 373834 391493 559003 560309
317484 474176 549830 585618 603649 624293
67425
317643 323033 467414 546816 572264 619242 633366
423139 439442 440874 442327 456094 456095 635501
460490 494896 498652 503257 630603 651438 651741
298626 396353 409949 410131 510887 534053 537660
362405 424821 436268 441339 452389 518292 584673
47 101879 121722 227789 243633
455619 455620 455662 547041 632786 632789
29981
15691 67209 225916 470854 648882
333259 335006 335007 375870 535065 554041
321959 336853 349183 416713 517112 566835
433200 433298 433338 433452 433471 433591
149621 149659 149673 228134 231247 231443
453578 518406 519926 534127 570296 662172
259295 271544 279733 589282 650617 661577
357847 357850 364986 549752
481209 495809 508421 515948 519124 549991 556468
259295 296348 498726 648512
104475 115680 131626 239559
301999 311267 321162 416115 511619 650304 655966
608042 616095
459976 459989 459990 461254 478643 478644
454791 535016
15662 15905 23123 52713 66900 143075 163357
394436 477323 477324
364612 380327 512140 512141 524863 524864 539329
72182 143822 143885 186818 222887 223035
10151 68240 68576 70011 70495
561531 615841
307986 479015 480923 480952 532170 541226 644484
455619 455620 455662 547041 632786 632789
484605 612007 637242 665148 665269 665287
521985 579154 579211 641419 641420 652589
523716 537127 603741 613081 613084 613159
346855 347808 351944 385867 586916 617267
347842 365096 498363 522313 568706 650468
366148 435584 486307 590447 641930
310014 473178 484503 510828 517920
310985 337753 346692 346693 346697 349013 385867
435676 496898 536977 548395 612007 637242
468635 470030 500295 534267 593478
72588 72644 72805 73233 184184
29748 57661 74262 96207 143314 619955
7284 18150 145244
374211 374256 374258 448644 646754
578732
346000 358452 367083 412526 468584 509997 540800
5908 107815 107816 203593 223815
333896 477506 529886
310991 333022 346695 351955 556282 591403 611099
412943 478113 487531 504878 520645 654495
416681 416682 416683
401423 454432 510130 512106 515052 648915 654445
2393 3359 3360 3361 3556 4103
268960 272375 285703 331046 438028 536102 667142
438027 524223 610172 639990 657085
578143
412786 415141 577138 582400 604635 618882
290243 362840 413512 515486 527699 527947 663190
455643 455689 529665 647365
310987 346693 346711 351944 359916 436579
311830 311831 516807 519943 528831 630489
23813 57789 58309 88091 94615 175763 217878
333238 447434 447678 541302 560096 634735
1133 2213 2214 48525 48721 49433 97573
346036 475891
161302 189398 243082
308331 427871 455619 581325 599701 649272
96407 201117 253858 253865 253875 656227
269035 269187 281640 310514 408285 569690 661636
269185 281640 305344 321661 408285 535337 661636
476411 476429 511635 586076 591261 602953 664827
272541 272542 294055 323205 330018 477251
469528 558699 558700 634105
258992 259004 286841 306345 369259 485801
168353 183536 186495 202000 226517 619796
231711 231816 238619 238667 239429 244259
111449 193381 197134 197146 431936
27398 41219 52651 84009 206854 206877 329488
397173 454919 469039 517098 580408 630765
98975 112049 135358 137326 144605 155573 165508
372578 374762 412920 418269 479815 525589
9779 10059 69707 69923 176732 213527
12930 41730 130423 130496 145091 164193 181913
